=== Final Results ===
gen     nevals  avg             std             min     max        
0       50      4.25524e+07     2.61378e+08     694531  1.86532e+09
1       38      804157          132452          639021  1.53351e+06
2       41      736698          57122.9         598296  873172     
3       37      705813          41004.2         641156  841458     
4       36      685375          34849           618652  787133     
5       39      673182          28675.8         600161  760637     
6       32      666253          28243.8         600161  746988     
7       43      666418          28363.3         621993  745322     
8       42      670831          30040.2         621993  748746     
9       46      665414          23783.8         603009  721316     
10      35      661639          25980.9         603009  707950     
11      38      655953          19978.2         608250  693367     
12      43      656590          19759.3         612648  693103     
13      33      649276          20548.8         612648  701497     
14      36      652539          23668.4         611370  724620     
15      34      655387          26335.1         611370  724259     
16      35      648536          26085.8         611091  724952     
17      43      655832          24974.3         611370  710294     
18      42      653422          24020.1         606224  703615     
19      40      649196          22931           596994  707084     
20      36      648838          22038.2         610894  711820     
=== Top Best Individuals ===
Rank 1:
Fitness: 596993.8212899979
Parameters: [45.860879318079924, 41.4401572264541, 25.42384500120392, 87.50793638040972, 3.411539283136615, 49.96348356732025, 6.297172831514498, 1.4193802665006239, 2.534903910065794, 0.30964654429569116]