gen	nevals	avg        	std        	min   	max        
0  	50    	272887     	83649.6    	148908	602081     
1  	43    	1.97058e+06	9.25221e+06	129021	6.15159e+07
2  	44    	3.21446e+06	1.93692e+07	144027	1.38252e+08
3  	38    	185705     	27676      	133786	237657     
4  	43    	181927     	27390.8    	122778	249085     
5  	42    	799774     	4.37669e+06	122778	3.1436e+07 
6  	46    	758183     	4.11916e+06	122778	2.95918e+07
7  	42    	292824     	893539     	128020	6.54601e+06
8  	39    	156215     	21028.8    	125782	214327     
9  	42    	160744     	20106.2    	123305	221242     
10 	46    	153901     	20250.4    	117278	195274     
11 	44    	150820     	17687.3    	118263	196736     
12 	46    	149912     	15344.8    	120566	186522     
13 	36    	146858     	15202.2    	115858	180381     
14 	40    	2.61104e+06	1.36606e+07	116943	9.37959e+07
15 	42    	149862     	16750.2    	113997	179110     
16 	42    	148640     	15724.5    	114323	202659     
17 	43    	147195     	14899.4    	119016	183258     
18 	42    	147658     	18142.6    	111892	199732     
19 	40    	149554     	17484.9    	113914	203518     
20 	38    	148529     	19210.7    	115514	200383     

Fitness: 111891.7883599999
Parameters: [76.31768702629464, 40.14668607324084, 7.4404746546689475, 52.388773347651664, 2.8414626360552515, 455.6334186835519, 0.26231679813580533]