gen	nevals	avg        	std        	min    	max        
0  	50    	243828     	415978     	109435 	2.94672e+06
1  	34    	1.21788e+06	7.64006e+06	107024 	5.46981e+07
2  	46    	124988     	11268.9    	102538 	159781     
3  	42    	119332     	10429.2    	99724.4	145965     
4  	36    	118479     	7983.71    	99724.4	141860     
5  	42    	118607     	7993.42    	102731 	137660     
6  	40    	1.77459e+07	8.63553e+07	104324 	4.42635e+08
7  	48    	117057     	7912.03    	96887.6	139484     
8  	47    	8.96926e+06	6.19611e+07	103304 	4.42697e+08
9  	34    	8.96721e+06	6.19651e+07	102094 	4.42723e+08
10 	44    	115773     	8737.3     	101396 	145407     
11 	40    	113844     	8375.26    	100951 	137756     
12 	42    	8.88288e+06	6.13993e+07	98544.1	4.38678e+08
13 	38    	1.78244e+07	8.67711e+07	98544.1	4.43037e+08
14 	40    	111135     	6939.34    	100995 	134447     
15 	39    	110583     	6440.96    	99271.5	127713     
16 	31    	7.78667e+06	5.37352e+07	99271.5	3.83933e+08
17 	36    	111639     	8213.43    	99271.5	133130     
18 	38    	1.20536e+06	5.37651e+06	99042.1	2.9479e+07 
19 	42    	112421     	7576.22    	100739 	127862     
20 	34    	1.87534e+06	6.99036e+06	97466.3	2.9568e+07 